Faro
37.0194
-7.93044
9
StaApolonia
38.7174
-9.11948
9
Lisboa
38.7907
-9.09952
9
Xira
38.9543
-8.98969
9
Santarem
39.2362
-8.68708
31
Entrocamento
40.7657
-8.48697
15
Covilha
40.2826
-7.50326
7
Fatima
39.6172
-8.65214
7
Pombal
39.9138
-8.62749
35
Coimbra
40.2115
-8.4292
3
Gouveia
40.4936
-7.59372
15
FornosAlgodres
40.6225
-7.53865
9
Guarda
40.5371
-7.26785
0
Formoso
40.6311
-7.9735
2
Mealhada
40.3781
-8.45145
0
Aveiro
40.6412
-8.65362
0
Estarreja
40.7546
-8.5691
11
Ovar
40.8597
-8.62542
17
Espinho
41.0067
-8.64433
0
Gaia
41.1359
-8.63318
9
Porto
41.1573
-8.57918
25
Famalicao
41.4124
-8.52064
5
Braga
41.5518
-8.4229
0
Guimaraes
41.4419
-8.29561
10
